999
937 470 5.385165
271 963 5.099020
811 937 5.000000
657 734 5.000000
410 945 4.472136
592 71 4.472136
721 196 4.123106
358 986 4.123106
656 363 4.123106
346 642 4.123106
148 343 4.123106
562 565 4.123106
544 301 4.123106
133 433 4.123106
127 221 4.123106
269 46 4.123106
496 622 4.123106
490 52 4.123106
442 741 4.123106
829 554 4.000000
422 992 4.000000
390 975 4.000000
921 960 4.000000
522 670 4.000000
412 600 4.000000
19 15 4.000000
573 259 4.000000
692 962 4.000000
859 538 4.000000
16 558 3.605551
913 932 3.605551
510 511 3.605551
870 218 3.605551
857 892 3.605551
357 539 3.605551
828 917 3.605551
825 927 3.605551
799 860 3.605551
473 66 3.605551
771 930 3.605551
191 944 3.605551
51 905 3.605551
449 815 3.605551
722 186 3.605551
714 849 3.605551
709 308 3.605551
705 786 3.605551
700 35 3.605551
694 781 3.605551
679 338 3.605551
330 226 3.605551
662 47 3.605551
661 796 3.605551
327 421 3.605551
413 682 3.605551
657 201 3.605551
27 452 3.605551
258 997 3.605551
646 91 3.605551
404 53 3.605551
102 507 3.605551
42 533 3.605551
42 168 3.605551
41 755 3.605551
101 366 3.605551
623 404 3.605551
614 909 3.605551
319 758 3.605551
99 35 3.605551
39 20 3.605551
589 816 3.605551
386 63 3.605551
384 675 3.605551
269 131 3.605551
146 317 3.605551
378 240 3.605551
25 200 3.605551
377 658 3.605551
267 246 3.605551
567 626 3.605551
376 487 3.605551
562 533 3.605551
561 289 3.605551
866 969 3.162278
729 730 3.162278
11 896 3.162278
703 838 3.162278
688 846 3.162278
672 743 3.162278
665 728 3.162278
665 200 3.162278
664 779 3.162278
165 242 3.162278
655 192 3.162278
646 58 3.162278
162 248 3.162278
640 674 3.162278
635 824 3.162278
625 637 3.162278
611 10 3.162278
599 211 3.162278
598 868 3.162278
581 724 3.162278
579 788 3.162278
576 670 3.162278
566 892 3.162278
546 610 3.162278
536 153 3.162278
530 872 3.162278
34 663 3.162278
513 607 3.162278
511 835 3.162278
508 611 3.162278
506 564 3.162278
498 815 3.162278
124 960 3.162278
121 556 3.162278
31 814 3.162278
120 701 3.162278
119 537 3.162278
469 855 3.162278
464 913 3.162278
459 61 3.162278
455 918 3.162278
446 799 3.162278
440 934 3.162278
433 668 3.162278
432 220 3.162278
431 216 3.162278
428 763 3.162278
425 148 3.162278
416 973 3.162278
103 250 3.162278
398 830 3.162278
6 711 3.162278
392 186 3.162278
391 746 3.162278
388 784 3.162278
382 719 3.162278
381 912 3.162278
25 762 3.162278
374 755 3.162278
370 561 3.162278
367 960 3.162278
364 438 3.162278
90 966 3.162278
356 468 3.162278
89 753 3.162278
339 906 3.162278
335 882 3.162278
333 178 3.162278
5 668 3.162278
326 404 3.162278
318 614 3.162278
316 30 3.162278
314 571 3.162278
314 435 3.162278
308 660 3.162278
78 37 3.162278
303 44 3.162278
302 177 3.162278
295 300 3.162278
288 807 3.162278
280 624 3.162278
278 406 3.162278
274 150 3.162278
273 426 3.162278
272 57 3.162278
271 184 3.162278
268 216 3.162278
261 845 3.162278
254 93 3.162278
977 316 3.000000
192 508 3.000000
308 103 3.000000
587 365 3.000000
698 979 3.000000
297 367 3.000000
0 920 3.000000
253 268 3.000000
403 719 3.000000
915 594 3.000000
785 297 3.000000
0 401 3.000000
338 228 3.000000
155 854 3.000000
395 967 3.000000
395 305 3.000000
465 999 3.000000
775 800 3.000000
246 503 3.000000
772 115 3.000000
333 78 3.000000
650 142 3.000000
649 673 3.000000
284 439 3.000000
385 766 3.000000
760 825 3.000000
889 926 3.000000
532 6 3.000000
756 251 3.000000
380 760 3.000000
632 462 3.000000
36 23 3.000000
884 110 3.000000
8 182 3.000000
748 829 3.000000
61 545 3.000000
747 995 3.000000
449 537 3.000000
13 435 3.000000
376 450 3.000000
877 30 3.000000
523 631 3.000000
237 536 3.000000
873 207 3.000000
446 282 3.000000
619 830 3.000000
617 804 3.000000
42 640 3.000000
869 193 3.000000
235 699 3.000000
736 248 3.000000
442 986 3.000000
517 647 3.000000
612 498 3.000000
517 141 3.000000
78 342 3.000000
122 125 3.000000
730 900 3.000000
320 719 3.000000
998 659 3.000000
840 471 2.828427
824 734 2.828427
234 729 2.828427
724 324 2.828427
722 832 2.828427
100 235 2.828427
715 22 2.828427
807 21 2.828427
191 566 2.828427
41 33 2.828427
803 959 2.828427
643 512 2.828427
916 802 2.828427
56 950 2.828427
638 669 2.828427
557 823 2.828427
413 434 2.828427
456 592 2.828427
69 378 2.828427
630 517 2.828427
251 70 2.828427
589 86 2.828427
107 134 2.828427
627 670 2.828427
20 97 2.828427
695 339 2.828427
129 205 2.828427
24 848 2.828427
892 126 2.828427
289 101 2.828427
159 823 2.828427
18 720 2.828427
286 60 2.828427
222 955 2.828427
770 413 2.828427
61 416 2.828427
623 147 2.828427
328 509 2.828427
166 655 2.828427
881 977 2.828427
482 792 2.828427
616 210 2.828427
481 597 2.828427
184 789 2.828427
448 65 2.828427
874 896 2.828427
871 153 2.828427
385 541 2.828427
757 806 2.828427
173 121 2.828427
157 220 2.828427
38 919 2.828427
750 550 2.828427
678 966 2.828427
862 210 2.828427
747 104 2.828427
156 55 2.828427
197 561 2.828427
195 765 2.828427
674 582 2.828427
607 860 2.828427
520 50 2.828427
963 322 2.236068
956 318 2.236068
499 314 2.236068
292 510 2.236068
893 504 2.236068
884 286 2.236068
484 340 2.236068
283 962 2.236068
869 109 2.236068
867 53 2.236068
865 960 2.236068
281 106 2.236068
855 956 2.236068
337 290 2.236068
850 320 2.236068
841 296 2.236068
840 917 2.236068
363 846 2.236068
823 912 2.236068
822 882 2.236068
263 368 2.236068
819 270 2.236068
818 293 2.236068
28 163 2.236068
817 270 2.236068
813 89 2.236068
150 118 2.236068
810 867 2.236068
2 873 2.236068
117 895 2.236068
147 375 2.236068
255 3 2.236068
775 466 2.236068
773 922 2.236068
39 947 2.236068
771 51 2.236068
360 320 2.236068
764 279 2.236068
761 157 2.236068
754 808 2.236068
752 482 2.236068
751 770 2.236068
751 86 2.236068
116 837 2.236068
13 927 2.236068
741 855 2.236068
242 369 2.236068
740 311 2.236068
738 154 2.236068
357 455 2.236068
80 111 2.236068
733 483 2.236068
235 978 2.236068
234 743 2.236068
436 152 2.236068
722 276 2.236068
233 382 2.236068
717 901 2.236068
141 99 2.236068
714 285 2.236068
709 917 2.236068
708 33 2.236068
12 513 2.236068
115 368 2.236068
229 993 2.236068
228 510 2.236068
334 305 2.236068
227 116 2.236068
699 715 2.236068
698 949 2.236068
696 241 2.236068
425 261 2.236068
690 696 2.236068
687 726 2.236068
137 143 2.236068
685 381 2.236068
683 951 2.236068
12 504 2.236068
24 225 2.236068
678 301 2.236068
676 924 2.236068
675 299 2.236068
73 27 2.236068
671 38 2.236068
667 479 2.236068
666 978 2.236068
664 975 2.236068
212 769 2.236068
662 859 2.236068
11 77 2.236068
211 738 2.236068
654 444 2.236068
653 922 2.236068
210 222 2.236068
209 782 2.236068
209 27 2.236068
21 777 2.236068
207 848 2.236068
644 955 2.236068
642 279 2.236068
640 974 2.236068
639 453 2.236068
20 115 2.236068
204 272 2.236068
636 453 2.236068
631 798 2.236068
627 76 2.236068
411 951 2.236068
202 852 2.236068
411 155 2.236068
621 306 2.236068
348 907 2.236068
615 838 2.236068
615 280 2.236068
613 659 2.236068
409 657 2.236068
406 806 2.236068
68 26 2.236068
331 407 2.236068
603 724 2.236068
602 984 2.236068
405 649 2.236068
402 257 2.236068
596 350 2.236068
131 164 2.236068
593 703 2.236068
189 703 2.236068
65 231 2.236068
585 858 2.236068
186 923 2.236068
399 129 2.236068
36 103 2.236068
347 143 2.236068
63 375 2.236068
578 244 2.236068
62 603 2.236068
575 283 2.236068
572 362 2.236068
394 480 2.236068
179 763 2.236068
570 968 2.236068
569 482 2.236068
568 281 2.236068
176 494 2.236068
568 159 2.236068
567 458 2.236068
562 425 2.236068
559 940 2.236068
345 414 2.236068
112 923 2.236068
558 217 2.236068
556 336 2.236068
555 678 2.236068
553 269 2.236068
552 583 2.236068
552 272 2.236068
390 149 2.236068
548 65 2.236068
389 723 2.236068
543 98 2.236068
542 414 2.236068
541 941 2.236068
540 602 2.236068
57 767 2.236068
124 641 2.236068
344 40 2.236068
123 636 2.236068
171 838 2.236068
56 255 2.236068
531 720 2.236068
38 677 2.236068
527 964 2.236068
527 833 2.236068
55 990 2.236068
521 643 2.236068
521 491 2.236068
520 737 2.236068
994 604 2.236068
384 959 2.236068
123 555 2.236068
165 225 2.236068
518 399 2.236068
325 718 2.236068
965 999 2.000000
905 301 2.000000
291 956 2.000000
291 953 2.000000
886 985 2.000000
879 961 2.000000
4 901 2.000000
842 290 2.000000
831 92 2.000000
265 325 2.000000
84 895 2.000000
788 98 2.000000
787 262 2.000000
254 284 2.000000
784 878 2.000000
778 918 2.000000
778 847 2.000000
768 92 2.000000
83 32 2.000000
762 843 2.000000
0 881 2.000000
754 957 2.000000
754 307 2.000000
738 284 2.000000
728 993 2.000000
237 844 2.000000
76 940 2.000000
0 809 2.000000
691 748 2.000000
689 880 2.000000
688 935 2.000000
220 716 2.000000
669 676 2.000000
664 836 2.000000
662 224 2.000000
645 886 2.000000
641 999 2.000000
69 879 2.000000
629 870 2.000000
624 931 2.000000
624 700 2.000000
0 245 2.000000
199 906 2.000000
198 999 2.000000
195 905 2.000000
604 292 2.000000
599 9 2.000000
598 717 2.000000
67 217 2.000000
594 29 2.000000
0 232 2.000000
187 307 2.000000
183 999 2.000000
64 90 2.000000
181 201 2.000000
575 994 2.000000
180 745 2.000000
573 676 2.000000
572 885 2.000000
569 878 2.000000
563 673 2.000000
559 192 2.000000
549 203 2.000000
543 750 2.000000
538 872 2.000000
538 588 2.000000
530 852 2.000000
525 247 2.000000
519 948 2.000000
507 89 2.000000
506 7 2.000000
163 95 2.000000
492 806 2.000000
160 981 2.000000
54 572 2.000000
486 767 2.000000
157 723 2.000000
16 250 2.000000
474 303 2.000000
472 695 2.000000
154 56 2.000000
1 260 2.000000
464 739 2.000000
145 961 2.000000
49 586 2.000000
451 81 2.000000
449 628 2.000000
438 964 2.000000
437 548 2.000000
431 830 2.000000
45 801 2.000000
424 903 2.000000
11 495 2.000000
416 791 2.000000
135 873 2.000000
411 434 2.000000
134 58 2.000000
133 673 2.000000
409 671 2.000000
407 712 2.000000
0 480 2.000000
132 704 2.000000
399 282 2.000000
398 198 2.000000
395 769 2.000000
40 287 2.000000
392 803 2.000000
391 868 2.000000
387 898 2.000000
385 742 2.000000
380 647 2.000000
377 772 2.000000
121 243 2.000000
371 976 2.000000
119 502 2.000000
371 23 2.000000
369 275 2.000000
369 249 2.000000
365 89 2.000000
364 278 2.000000
359 105 2.000000
359 41 2.000000
354 795 2.000000
354 613 2.000000
354 256 2.000000
351 479 2.000000
350 737 2.000000
349 684 2.000000
348 98 2.000000
347 296 2.000000
113 867 2.000000
113 793 2.000000
0 139 2.000000
335 366 2.000000
331 441 2.000000
331 257 2.000000
329 325 2.000000
996 448 2.000000
996 885 2.000000
491 982 1.414214
143 500 1.414214
240 496 1.414214
240 483 1.414214
913 973 1.414214
80 491 1.414214
468 475 1.414214
465 43 1.414214
457 82 1.414214
229 954 1.414214
890 902 1.414214
454 242 1.414214
452 481 1.414214
864 146 1.414214
441 443 1.414214
439 138 1.414214
43 447 1.414214
836 512 1.414214
833 894 1.414214
832 846 1.414214
826 43 1.414214
136 820 1.414214
813 875 1.414214
421 920 1.414214
418 230 1.414214
73 853 1.414214
405 952 1.414214
405 904 1.414214
405 505 1.414214
400 476 1.414214
400 77 1.414214
397 138 1.414214
766 994 1.414214
765 479 1.414214
758 215 1.414214
111 505 1.414214
29 32 1.414214
387 233 1.414214
741 445 1.414214
381 831 1.414214
191 489 1.414214
733 972 1.414214
190 73 1.414214
189 933 1.414214
363 219 1.414214
361 952 1.414214
361 194 1.414214
711 70 1.414214
188 212 1.414214
706 805 1.414214
107 430 1.414214
701 819 1.414214
181 428 1.414214
337 916 1.414214
679 915 1.414214
679 230 1.414214
672 844 1.414214
669 737 1.414214
666 250 1.414214
663 890 1.414214
178 793 1.414214
332 362 1.414214
332 6 1.414214
102 466 1.414214
658 868 1.414214
175 911 1.414214
652 436 1.414214
651 773 1.414214
650 983 1.414214
648 926 1.414214
67 336 1.414214
322 991 1.414214
173 925 1.414214
632 431 1.414214
627 373 1.414214
315 472 1.414214
96 713 1.414214
313 343 1.414214
312 478 1.414214
618 850 1.414214
96 371 1.414214
614 744 1.414214
310 636 1.414214
609 866 1.414214
609 108 1.414214
309 876 1.414214
607 943 1.414214
309 429 1.414214
606 456 1.414214
605 693 1.414214
605 686 1.414214
605 469 1.414214
602 943 1.414214
600 474 1.414214
600 419 1.414214
306 834 1.414214
95 64 1.414214
596 131 1.414214
304 746 1.414214
302 705 1.414214
302 497 1.414214
590 921 1.414214
300 191 1.414214
62 52 1.414214
295 833 1.414214
92 173 1.414214
294 144 1.414214
293 900 1.414214
583 114 1.414214
582 143 1.414214
86 372 1.414214
288 827 1.414214
576 785 1.414214
85 252 1.414214
60 341 1.414214
570 576 1.414214
570 484 1.414214
569 358 1.414214
568 214 1.414214
564 794 1.414214
84 183 1.414214
560 412 1.414214
551 626 1.414214
551 471 1.414214
550 853 1.414214
550 337 1.414214
547 338 1.414214
274 459 1.414214
539 864 1.414214
537 827 1.414214
160 955 1.414214
534 285 1.414214
534 122 1.414214
158 822 1.414214
268 841 1.414214
156 8 1.414214
265 227 1.414214
527 339 1.414214
263 856 1.414214
524 680 1.414214
523 942 1.414214
518 888 1.414214
44 360 1.414214
258 849 1.414214
2 985 1.414214
969 980 1.000000
939 987 1.000000
933 953 1.000000
906 980 1.000000
898 981 1.000000
815 909 1.000000
809 948 1.000000
798 847 1.000000
791 822 1.000000
780 999 1.000000
779 891 1.000000
773 817 1.000000
749 935 1.000000
745 989 1.000000
736 891 1.000000
735 903 1.000000
726 939 1.000000
721 772 1.000000
719 861 1.000000
714 810 1.000000
693 891 1.000000
690 884 1.000000
661 682 1.000000
653 785 1.000000
648 691 1.000000
639 941 1.000000
621 837 1.000000
608 637 1.000000
606 982 1.000000
597 877 1.000000
595 704 1.000000
593 776 1.000000
0 689 1.000000
587 794 1.000000
587 790 1.000000
580 707 1.000000
574 908 1.000000
542 595 1.000000
532 777 1.000000
526 581 1.000000
503 610 1.000000
503 571 1.000000
501 660 1.000000
490 694 1.000000
488 801 1.000000
487 976 1.000000
486 851 1.000000
480 914 1.000000
470 897 1.000000
467 851 1.000000
467 725 1.000000
464 471 1.000000
461 903 1.000000
460 588 1.000000
456 580 1.000000
430 910 1.000000
430 782 1.000000
426 663 1.000000
424 519 1.000000
415 988 1.000000
415 907 1.000000
0 485 1.000000
408 796 1.000000
396 649 1.000000
393 677 1.000000
389 979 1.000000
388 687 1.000000
383 999 1.000000
376 579 1.000000
353 499 1.000000
0 420 1.000000
340 617 1.000000
334 776 1.000000
330 787 1.000000
324 644 1.000000
321 821 1.000000
313 427 1.000000
311 710 1.000000
309 389 1.000000
0 352 1.000000
294 863 1.000000
291 958 1.000000
280 733 1.000000
277 945 1.000000
273 608 1.000000
266 331 1.000000
262 907 1.000000
260 999 1.000000
256 999 1.000000
255 372 1.000000
254 934 1.000000
252 716 1.000000
249 990 1.000000
243 862 1.000000
239 526 1.000000
226 478 1.000000
225 680 1.000000
223 947 1.000000
219 727 1.000000
219 346 1.000000
218 318 1.000000
215 999 1.000000
213 805 1.000000
213 394 1.000000
208 999 1.000000
208 494 1.000000
206 305 1.000000
204 535 1.000000
203 702 1.000000
203 677 1.000000
0 247 1.000000
193 616 1.000000
187 871 1.000000
183 321 1.000000
0 223 1.000000
180 949 1.000000
177 402 1.000000
174 598 1.000000
170 818 1.000000
170 194 1.000000
167 563 1.000000
164 379 1.000000
163 908 1.000000
155 710 1.000000
151 740 1.000000
147 899 1.000000
142 739 1.000000
140 145 1.000000
139 152 1.000000
0 172 1.000000
136 893 1.000000
136 281 1.000000
128 683 1.000000
126 532 1.000000
125 451 1.000000
110 760 1.000000
105 875 1.000000
101 400 1.000000
0 127 1.000000
95 530 1.000000
85 231 1.000000
84 161 1.000000
83 863 1.000000
83 117 1.000000
82 248 1.000000
79 352 1.000000
75 660 1.000000
74 396 1.000000
72 842 1.000000
70 128 1.000000
68 948 1.000000
59 374 1.000000
58 786 1.000000
54 759 1.000000
54 645 1.000000
50 166 1.000000
49 450 1.000000
49 306 1.000000
0 66 1.000000
45 999 1.000000
28 238 1.000000
26 749 1.000000
25 911 1.000000
18 981 1.000000
17 732 1.000000
17 161 1.000000
16 731 1.000000
15 999 1.000000
0 31 1.000000
14 398 1.000000
10 585 1.000000
9 34 1.000000
7 244 1.000000
5 946 1.000000
5 344 1.000000
4 904 1.000000
992 50 1.000000
1 410 1.000000
1 355 1.000000
995 625 1.000000
875 929 0.000000
727 928 0.000000
608 620 0.000000
595 756 0.000000
582 887 0.000000
574 774 0.000000
529 630 0.000000
506 889 0.000000
502 509 0.000000
492 601 0.000000
483 971 0.000000
459 938 0.000000
434 970 0.000000
431 681 0.000000
379 477 0.000000
357 919 0.000000
353 936 0.000000
349 619 0.000000
335 654 0.000000
331 697 0.000000
330 515 0.000000
327 708 0.000000
323 567 0.000000
317 541 0.000000
285 839 0.000000
275 559 0.000000
266 514 0.000000
225 423 0.000000
202 298 0.000000
185 998 0.000000
184 319 0.000000
174 356 0.000000
132 493 0.000000
130 370 0.000000
114 329 0.000000
108 175 0.000000
104 463 0.000000
95 883 0.000000
87 522 0.000000
70 812 0.000000
57 342 0.000000
48 119 0.000000
46 88 0.000000
34 591 0.000000
25 528 0.000000
15 783 0.000000
0 811 0.000000
0 797 0.000000
0 634 0.000000
0 633 0.000000
0 584 0.000000
0 577 0.000000
0 516 0.000000
0 417 0.000000
0 264 0.000000
0 236 0.000000
0 169 0.000000
0 94 0.000000
